image: map.pgm
resolution: 0.200000
origin: [-30.399999, -104.000002, 0]
negate: 0
occupied_thresh: 0.65
free_thresh: 0.196

